thickness = 2.0
title = Amrita Wi-Fi: Average delay for varying number of Access Points (1-50) each for 20 runs
title_x = Number of Access Points (APs)
title_y = Average delay (seconds)

1 0.1852686501312178
2 0.27858852173084553
3 0.3259918257465211
4 0.37984441006457914
5 0.4277605958883758
6 0.36289165646213056
7 0.4425134191487124
8 0.5486181894245569
9 0.4652178474183793
10 0.4581182831215932
11 0.4852518560916321
12 0.5136045521988295
13 0.817271697518582
14 0.6566487394821993
15 0.6508375315452735
16 0.6111416635354288
17 0.6633653541069557
18 0.6754386852349631
19 0.6761265344251035
20 0.7700853641130784
21 0.679702258590949
22 0.7037269126797628
23 0.8164501232438773
24 0.8649486400549649
25 0.8296392424449863
26 0.8184339772912594
27 0.9782486360524679
28 0.9194763441553025
29 0.9298504170119399
30 1.0026317934888689
31 1.0522604961132704
32 1.0695311366410487
33 1.0338959987269223
34 1.2244422179063246
35 1.1427523551435153
36 1.2799796173658133
37 1.272085560890379
38 1.3693278288313449
39 1.3664894185540368
40 1.3605792797567935
41 1.3897985947767872
42 1.4408810552833646
43 1.4380759471630653
44 1.577745642434676
45 1.4161672998635988
46 1.601444134126065
47 1.610003922308384
48 1.6433282112453178
49 1.6058899319719426
50 1.6655885493521112
