thickness = 2.0
title = Amrita Wi-Fi: Average delay for varying number of Access Points (1-50) each for 20 runs
title_x = Number of Access Points (APs)
title_y = Average delay (seconds)

1 115.75
2 108.65
3 113.75
4 121.0125
5 117.37999999999997
6 114.925
7 113.80714285714285
8 116.6625
9 111.7388888888889
10 111.25999999999999
11 113.27272727272725
12 113.8208333333333
13 113.40384615384616
14 108.03571428571426
15 108.05666666666666
16 108.78125
17 105.55588235294117
18 109.06666666666669
19 108.56315789473688
20 108.31249999999997
21 106.8
22 104.80454545454545
23 104.35
24 108.48750000000003
25 104.27200000000002
26 105.98846153846152
27 106.8074074074074
28 106.38571428571429
29 101.95517241379312
30 106.3783333333333
31 107.81935483870969
32 103.9875
33 101.87727272727273
34 103.13676470588234
35 101.50571428571428
36 101.43194444444444
37 102.0445945945946
38 104.89473684210527
39 100.12692307692309
40 100.04750000000001
41 98.4
42 98.80238095238093
43 98.29883720930233
44 97.525
45 94.60777777777778
46 94.79565217391303
47 93.35425531914893
48 91.75625000000001
49 89.77346938775509
50 89.29700000000001
