1 0.21456380400080804
2 0.26819256274954056
3 0.37557331784993286
4 0.3701845592390483
5 0.36906384359128375
6 0.48170422895141163
7 0.37244360819447275
8 0.4316091252315414
9 0.46821510922933046
10 0.5646293579533135
11 0.672544688011613
12 0.5030626645993947
13 0.670173596477025
14 0.5936435804096103
15 0.6078334743489308
16 0.6465425147456132
17 0.6270715953225304
18 0.6516427225710361
19 0.7545209451170212
20 0.775146698462707
21 0.8386391300701963
22 0.7310912572509384
23 0.7765651546689676
24 0.8899580076340039
25 0.8709842108474586
26 0.865573992215672
27 0.8532971257765615
28 1.004768348275437
29 0.9987821010370451
30 0.939011561396726
31 1.0036461756885184
32 1.1655794454510597
33 1.1491577473184043
34 1.1977522105053482
35 1.1417577182555072
36 1.2254963676449415
37 1.3872478890150952
38 1.3610820760913291
39 1.3304378012898481
40 1.50164463687794
41 1.3350125154266899
42 1.42186612821666
43 1.4496319282773142
44 1.4850637979157013
45 1.4923874426599881
46 1.546183229608574
47 1.5372075205425935
48 1.6782786341763802
49 1.7344193182978818
50 1.7098119282324167
