1 123.75
2 129.875
3 124.96666666666667
4 115.45
5 121.72999999999999
6 120.20833333333333
7 109.43571428571428
8 111.925
9 109.88888888888891
10 113.405
11 112.63181818181818
12 112.4
13 112.78846153846155
14 110.33214285714284
15 109.03666666666666
16 105.778125
17 108.50588235294117
18 106.71111111111108
19 109.19736842105263
20 109.6
21 107.32857142857142
22 106.92499999999998
23 106.8717391304348
24 107.2625
25 105.57000000000001
26 104.02692307692307
27 104.29999999999998
28 107.04285714285716
29 106.50517241379312
30 103.58666666666666
31 105.56935483870969
32 104.5078125
33 104.89242424242425
34 102.8941176470588
35 102.07428571428571
36 100.0875
37 100.45
38 101.51184210526317
39 100.33076923076923
40 101.74374999999999
41 97.78414634146341
42 98.14523809523811
43 97.8872093023256
44 98.28522727272727
45 95.18555555555554
46 94.65434782608695
47 92.53297872340424
48 92.06562499999998
49 90.99183673469388
50 89.66900000000001
